              precision    recall  f1-score   support

       plane      0.635     0.639     0.637      1000
         car      0.827     0.757     0.791      1000
        bird      0.461     0.541     0.498      1000
         cat      0.427     0.354     0.387      1000
        deer      0.558     0.471     0.511      1000
         dog      0.492     0.588     0.536      1000
        frog      0.711     0.736     0.723      1000
       horse      0.712     0.654     0.682      1000
        ship      0.713     0.759     0.735      1000
       truck      0.746     0.759     0.752      1000

    accuracy                          0.626     10000
   macro avg      0.628     0.626     0.625     10000
weighted avg      0.628     0.626     0.625     10000
